S	V	G	A	gardon

Nord	-0.49	0.31	-1.26	0
Nord	-0.56	0.79	-1.65	0
Nord	-0.59	-0.17	-0.22	1
Nord	-1.3	-1.26	-1.17	0
Nord	0.3	0.36	0.15	1
Nord	-0.65	0.77	0.06	1
Nord	-0.03	-1.38	0.18	0
Nord	-1.12	1.76	0.17	1
Nord	-0.22	-1.21	0.4	0
Nord	-0.52	0.94	0.17	1
Nord	-0.7	-0.05	0.22	1
Nord	0.97	-1.15	0.58	0
Nord	1.57	-1.27	1.12	0
Nord	0.19	0.22	0.54	0
Nord	-1.18	2.95	-0.17	1
Nord	0.28	-0.32	0.15	0
Nord	0.68	0.54	0.24	0
Nord	0.78	-1.23	0.95	0
Nord	0.03	-0.12	0.62	0
Nord	0.67	-1.01	1.07	0
Nord	0.62	-1.25	0.68	0
Nord	1.7	-0.7	1.07	0
Nord	-0.19	0.82	0.26	1
Nord	-0.72	-0.6	0.36	1
Nord	0.71	0.54	0.24	0
Nord	0.51	0.68	0.38	1
Nord	-1.16	1.1	0.19	1
Nord	0.97	-0.02	0.48	0
Nord	0.54	-0.66	0.72	0
Nord	0.89	0.08	0.46	0
Nord	-1.18	-0.67	-0.09	1
Nord	-1.36	2.8	-0.01	1
Nord	-0.44	-0.01	0.25	0
Nord	-1.14	-1.07	0.14	0
Nord	-0.99	0.05	-0.2	1
Nord	-0.17	0.09	0.17	0
Nord	0.15	-0.7	0.51	0
Nord	-1.56	1.81	0.11	1
Nord	-0.92	2.11	-0.13	1
Nord	-1.2	0.42	-0.69	1
Nord	0.55	-0.6	-0.12	0
Nord	0.04	2.2	-0.19	1
Sein	-0.88	2.28	-0.96	1
Sein	-0.09	2.64	-1.26	1
Sein	-0.43	0.44	-0.79	1
Sein	-0.31	0.64	-1.1	1
Sein	-1.31	-0.99	-0.47	1
Sein	-0.14	-0.83	-0.85	1
Sein	-0.81	-0.51	-1.03	1
Sein	-0.48	0.02	-1.12	1
Sein	-1.36	1.74	-1.03	1
Sein	-1.58	0.62	-0.85	1
Sein	-0.53	0.26	-0.74	0
Sein	-0.53	0.02	-0.66	1
Sein	-0.68	0.26	-0.87	1
Sein	-0.33	0.22	-1.18	1
Sein	-1.6	1.02	-1.03	1
Sein	-1.9	1.46	-1.1	1
Sein	-0.1	-0.09	-0.74	0
Sein	0.24	0.2	-0.88	0
Sein	1.17	-0.99	-0.88	0
Sein	-1.42	-2.19	-0.6	1
Sein	-0.8	-0.33	-0.9	0
Sein	-1.76	-0.22	-0.65	1
Sein	-1.78	0.07	-0.96	1
Sein	0.43	-1.46	-1.03	1
Sein	-0.4	2.41	-0.96	1
Sein	-0.23	2.48	-1.03	1
Sein	-0.55	2.56	-1.17	1
Sein	-0.36	2.57	-1.32	1
Sein	-0.27	0.15	-0.65	1
Sein	0.39	-0.57	-0.44	0
Sein	0.13	-0.4	-0.45	0
Sein	0.18	-0.24	-0.73	0
Sein	1.22	-0.61	-0.19	0
Sein	0.47	-0.17	-0.69	0
Sein	-0.3	-1.04	-0.69	0
Sein	-0.97	1.08	-1.03	1
Sein	-0.95	0.42	-0.85	1
Sein	-1.32	1	-0.98	1
Sein	-1.62	1.1	-1.08	1
Sein	-0.49	1.14	-1.1	1
Sein	0.22	-0.66	-0.53	1
Sein	-0.62	-0.36	-0.74	0
Sein	0.09	0.84	-0.37	0
Sein	0	1.41	-1.17	0
Sein	0.38	0.76	-0.91	0
Sein	0.32	1.43	-0.72	1
Sein	-1.48	1.59	-1.14	1
Sein	0.96	-0.86	0.21	0
Sein	-0.51	-0.62	0.06	0
Sein	0.25	-0.43	-0.29	0
Sein	-0.19	0.49	-0.13	0
Sein	-0.23	0.7	-0.29	0
Sein	1.05	-0.69	-0.01	0
Sein	0.15	0.41	-0.6	1
Sein	-0.62	-0.11	-0.77	0
Sein	0.77	0.07	-0.41	0
Sein	0.6	1.04	-0.81	0
Sein	-0.27	0.4	-0.42	0
Sein	0.96	-1	-0.09	0
Sein	1.05	-1.43	-0.16	1
Sein	0.16	0.38	-0.66	0
Sein	-0.62	-0.27	-1.03	1
Sein	-0.73	2.15	-1.18	1
Sein	-1.81	2.19	-1.33	1
Sein	-0.27	-0.15	-1.12	0
Sein	-0.62	0.13	-1.25	0
Sein	0.6	0.29	-1.03	1
Sein	-0.31	0.09	-0.96	1
Sein	-0.62	-0.77	-0.95	0
Sein	0.22	-0.63	-0.31	0
Sein	-0.23	0.17	-1.35	0
Sein	-0.68	-0.56	-1.03	0
Sein	-1.58	0.4	-0.6	1
Sein	-0.47	0.82	-1.1	0
Sein	0.28	-0.99	-0.6	0
Sein	-0.1	-1.1	-0.65	0
Sein	0.47	0.28	-0.93	1
Sein	-1.84	1.91	-1.49	1
Sein	-0.3	1.01	-0.68	1
Sein	-1.2	0.66	-0.05	0
Sein	-0.03	-0.81	-0.88	0
Sein	-0.31	-0.17	-1.08	0
Sein	0.34	2.76	-1.39	1
Sein	0.33	2.88	-1.78	1
Sein	0.35	3.11	-2.2	1
Sein	0.78	1.96	-1.47	1
Sein	0.96	2.29	-1.56	1
Sein	-0.81	1.25	-0.29	1
Sein	-1.04	1.04	-0.34	1
Sein	-0.25	-0.05	-0.61	0
Sein	-0.42	1.76	-0.75	1
Sein	-1.79	1.24	-0.48	1
Sein	-0.08	-1.76	0.31	0
Sein	-0.65	-0.32	0.51	0
Sein	-2.22	1.09	0.01	0
Sein	-0.86	1.6	-0.08	1
Sein	-1.04	1.1	0.06	0
Sein	-0.96	0.86	-0.28	0
Sein	-1.69	1.13	-0.47	1
Sein	-0.93	2	-0.84	1
Sein	-1.31	1.27	-0.11	0
Sein	-1.38	2.29	-1.01	1
Sein	-1.59	-0.72	-0.47	1
Sein	-1.46	1.08	-0.37	1
Sein	-0.17	2.33	-0.96	1
Sein	-1.34	-0.24	-0.67	0
Sein	-1.4	0.62	-0.56	1
Sein	-1.98	0.56	-0.7	0
Sein	-0.31	2.3	-1.03	1
Sein	-0.84	1.37	0.04	1
Sein	-0.71	1.03	0.04	1
Sein	-0.57	1.2	0.13	1
Sein	-1.36	1.15	-0.56	1
Sein	-0.18	0.75	-0.32	1
Sein	-0.63	0.27	-0.59	0
 Manc	-0.59	-0.9	-1.65	0
 Manc	-0.74	0.76	-1.65	1
 Manc	-0.4	1.11	-1.53	1
 Manc	0.41	0.74	-0.44	0
 Manc	0.08	-0.11	-0.65	0
 Manc	-0.32	-0.77	-1.23	0
 Manc	-0.65	-0.92	-0.6	0
 Manc	-0.97	0.23	-1.08	0
 Manc	-0.4	-0.82	-0.31	0
 Manc	-0.74	0.95	-1.53	0
 Manc	0	1.91	-0.36	1
 Manc	-0.4	0.98	-1.23	1
 Manc	-0.8	0.89	-1.47	1
 Manc	0.24	1.74	-1.9	1
 Manc	-0.41	0	-1.81	0
 Manc	-0.62	-0.38	-1.7	0
 Manc	-0.49	-0.06	-1.93	1
 Manc	0.39	-0.73	-0.13	0
 Manc	0.24	-0.75	-2.12	0
 Manc	0.36	-1.12	0.19	0
 Manc	0	-0.59	-1.33	0
 Manc	0.73	-0.69	-1.25	0
 Manc	0.06	0.57	-0.56	0
 Manc	-0.09	-0.88	-2.12	0
 Manc	0.41	-0.99	0.19	0
 Manc	0.44	-0.68	-0.34	0
 Manc	0.66	-1.07	0.02	0
 Manc	-0.23	-0.35	-1.84	0
 Manc	0.27	-0.47	-1.53	0
 Manc	0.31	-1.06	-1.17	0
 Manc	0.31	-1.08	-1.03	0
 Manc	0.03	0.07	-0.79	0
 Manc	0.27	0.27	-0.96	0
 Manc	0.36	-0.84	-0.96	0
 Manc	-0.35	0.42	-1.6	0
 Manc	0.2	-0.56	-1.33	0
 Manc	0.94	0.07	-0.79	0
 Manc	0.03	0.11	-1.25	0
 Manc	0	-1.13	-0.03	0
 Manc	1.35	-0.28	-0.44	0
 Manc	0.7	-0.17	-1.32	1
 Manc	-0.27	-0.41	-1.33	0
 Manc	0.31	-0.6	-0.03	0
 Manc	-0.21	-0.88	0.19	0
 Manc	0.08	-0.07	0.02	0
 Manc	0.34	-0.97	-0.25	0
 Manc	0.7	-0.84	0.06	0
 Manc	1.07	-0.6	0.11	0
 Manc	-0.78	0.15	0.08	0
 Manc	0.57	-0.02	-0.36	0
 Manc	0.59	-0.55	-0.13	0
 Manc	0.32	-1.92	-1.07	0
 Manc	-0.34	0.81	-0.96	1
 Manc	0.15	-0.77	-0.28	0
 Manc	-1.28	-0.05	-1.1	0
 Manc	1	0.04	-0.49	0
 Manc	0.52	-1.08	-0.01	0
 Manc	0.09	0.09	-1.39	0
 Manc	0.38	-0.3	-0.41	0
 Manc	-0.13	-0.24	-0.39	0
 Manc	-0.16	-0.5	-1.43	0
 Manc	0.16	-0.58	-0.13	0
 Manc	-0.85	0.6	-0.81	1
 Manc	0.41	-1.92	-0.74	0
 Manc	0.64	-0.87	-0.69	0
 Manc	-0.43	0.45	-0.73	0
 Manc	0.11	-1.43	-0.37	0
 Manc	0.74	-0.56	-0.6	0
 Manc	0.25	-1.03	-0.85	0
 Manc	0.39	-0.01	-0.87	0
 Manc	0.95	-0.96	-0.96	0
 Manc	0.45	-0.75	-0.44	0
 Manc	0.61	-0.81	-1.65	0
 Manc	0.52	-1.23	-0.21	0
Atla	-1.86	1.08	-2.56	0
Atla	-0.69	0.94	-1.56	1
Atla	-1.36	0.56	-1.35	1
Atla	-0.28	1.06	-1.18	1
Atla	-0.92	0.38	-1.05	1
Atla	-0.98	1.29	-1.58	1
Atla	-1.73	1.39	-1.84	1
Atla	-1.58	0.42	-1.03	0
Atla	-1.05	0.82	-1.78	1
Atla	-1.46	0.59	-1.11	0
Atla	-0.12	0.64	-2.5	1
Atla	-0.78	-0.11	-1.15	0
Atla	-0.72	0.53	-2.12	1
Atla	-0.33	0.1	-1.33	0
Atla	-1.02	1.46	-1.1	1
Atla	-0.11	-0.24	-0.6	0
Atla	-0.48	0.29	-0.67	0
Atla	-0.74	0.99	-2.12	1
Atla	1.68	-0.32	1.43	0
Atla	-0.95	0.56	-0.56	0
Atla	-0.88	0.37	-0.48	0
Atla	0.14	0.45	-0.85	0
Atla	-0.11	0.24	-0.08	1
Atla	-0.28	1.48	-1.1	1
Atla	0.66	-0.28	0.62	0
Atla	1.24	0.58	-0.32	0
Atla	1.89	0.15	0.92	0
Atla	0.54	0.83	0.4	0
Atla	0.52	0.96	0.35	0
Atla	0.48	1.1	-1.22	0
Atla	0.31	0.78	-0.23	0
Atla	0.36	0.58	0.86	0
Atla	1.81	-0.17	1.44	0
Atla	-0.82	-0.51	-0.24	0
Atla	-1.19	0.58	-1.08	1
Atla	-0.7	0.77	-1.12	0
Atla	-0.07	0.48	-1.04	0
Atla	0.79	-0.23	-0.37	0
Atla	-0.67	0.38	-0.63	0
Atla	-0.87	0.24	-1.05	0
Atla	0.43	-0.09	-0.59	1
Atla	0.37	0.21	-0.91	0
Atla	-0.76	-0.57	-0.29	0
Atla	-1.08	0.38	-1.33	1
Atla	0.89	-1.82	-0.43	0
Atla	1.03	-1.43	-0.93	0
Atla	-0.16	0.36	-0.66	0
Atla	-0.7	-0.52	-0.23	1
Atla	-0.49	-0.99	-0.06	0
Atla	0.15	0.08	-0.48	0
Atla	1.12	0.29	-0.31	0
Atla	-1.35	0.44	-0.08	1
Atla	-0.19	0.51	-0.9	1
Atla	-0.43	-0.1	-1.97	0
Atla	-0.81	0.32	-1.14	1
Atla	-1.04	-0.65	-1.37	0
Loir	1.02	0.91	1.29	0
Loir	0.7	-0.11	1.24	0
Loir	-0.03	-0.32	1.5	0
Loir	0.19	-0.75	1.64	0
Loir	-0.06	0.1	1.49	0
Loir	0.8	0.75	0.78	0
Loir	0.08	0.87	0.65	0
Loir	-0.3	1	0.36	0
Loir	1.45	-2.09	1.44	0
Loir	0.93	-0.05	0.95	0
Loir	0.76	-0.83	1.73	0
Loir	0.49	-1.55	1.28	0
Loir	0.93	0.19	1.36	0
Loir	0.71	-1.02	1.51	0
Loir	0.95	-0.55	1.43	0
Loir	0.27	0.46	1.35	0
Loir	0.1	-1.27	1.73	0
Loir	0.05	-0.48	1.62	0
Loir	-0.38	1.57	0.87	0
Loir	-0.67	1.11	0.78	0
Loir	0.95	0.11	1.43	0
Loir	1.8	0.09	1.13	0
Loir	1.52	-0.45	0.52	0
Loir	-0.32	-1	0.77	0
Loir	0.35	-0.83	0.67	0
Loir	0.58	-0.28	1.43	0
Loir	0.66	-0.08	1.21	0
Loir	1.37	-0.4	1.52	0
Loir	1.14	-1	1.57	0
Loir	1.32	-0.46	1.33	0
Loir	-0.99	0.86	0.02	1
Loir	-0.38	0.52	0.08	1
Loir	0.66	-0.9	0.57	0
Loir	0.42	-0.51	0.54	0
Loir	-0.84	0.02	0.4	1
Loir	0.1	-0.7	0.02	0
Loir	0.97	-0.64	0.11	0
Loir	0.38	-0.97	-0.03	0
Loir	-0.3	0.3	-0.25	0
Loir	0.46	-1.03	0.19	0
Loir	0.59	-1.08	-0.08	0
Loir	0.18	-0.56	-0.25	1
Loir	-0.32	-0.22	-0.11	0
Loir	-0.62	-0.03	-0.13	0
Loir	-0.99	0.45	-0.11	1
Loir	-1.3	0.68	-0.28	1
Loir	-0.61	0.01	-0.35	0
Loir	-1.25	0.92	-1.1	1
Loir	-1.66	2.6	-1.51	1
Loir	-1	0.1	-0.79	0
Loir	-1.2	1.56	-0.62	1
Loir	-0.78	3.02	-0.79	1
Loir	-1.7	0.06	-1.93	0
Loir	-0.81	-0.19	-0.14	0
Loir	-1.26	0.84	-1.11	1
Loir	-1.21	0.2	-0.76	0
Loir	-1.37	-1	0.02	1
Loir	0.37	-0.69	-0.44	1
Loir	-0.82	0.44	-0.62	1
Loir	-0.96	-0.22	0.17	1
Loir	-0.11	-1.1	0.3	0
Loir	-0.55	-0.24	-0.39	0
Loir	-0.48	-0.28	-0.54	0
Loir	-1.74	1.38	-0.35	1
Loir	-2.11	1.33	-0.79	1
Loir	-0.73	1.69	-0.76	1
Loir	-1.57	-0.19	-0.82	1
Loir	-0.97	-0.34	-0.54	0
Loir	-1.14	1.04	-0.82	1
Loir	-0.95	-0.15	-0.39	0
Loir	-0.31	-0.78	-0.47	0
Loir	0.27	2.94	-0.46	1
Loir	-1.76	1.15	-1.7	1
Loir	-0.41	-0.13	-0.46	0
Loir	-0.95	-0.42	-0.28	1
Loir	-1.14	-0.28	-0.27	0
Loir	-0.41	-0.74	-0.29	0
Loir	-1.96	0.33	-0.2	1
Loir	-0.21	-0.12	-0.05	1
Loir	0.1	0.26	-0.2	1
Loir	-0.92	2.25	-1.14	1
Loir	-1.66	0.41	-0.44	1
Loir	-1.41	0.99	-0.56	0
Loir	-1.11	1.87	-0.69	1
Garo	0.73	0.14	0.97	0
Garo	1.68	-0.99	1.73	0
Garo	0.27	0.51	0.38	0
Garo	2.13	-0.19	1.16	0
Garo	-1.09	0.92	0.17	1
Garo	0.49	-0.83	2.13	0
Garo	0.93	0.67	0.96	0
Garo	0.58	1.36	1.21	1
Garo	0.22	-0.34	0.67	0
Garo	0.22	-0.66	1.05	0
Garo	0	-0.97	1.16	0
Garo	1.36	-0.53	1.5	1
Garo	0.41	0.25	0.56	0
Garo	-0.56	2.16	-0.08	1
Garo	0.41	0.09	1.26	0
Garo	0.08	0.5	0.73	0
Garo	-0.86	0.98	0.58	0
Garo	0.37	0.42	0.62	0
Garo	0.03	-0.14	0.67	0
Garo	-1.16	0.6	-1.53	0
Garo	-1.94	0.64	-0.41	0
Garo	-0.89	0.45	-0.67	1
Garo	-2.22	1.58	-0.6	1
Garo	-0.59	0.66	-0.31	0
Garo	-0.85	0.94	-0.6	0
Garo	0.04	-0.06	-0.12	0
Garo	0.39	0.29	0.54	0
Garo	-0.19	0.5	0.36	0
Garo	0.74	1.01	0.67	0
Garo	0.36	-0.4	1.45	0
Garo	-1.38	1.84	-0.13	1
Garo	-0.37	2	-0.26	1
Garo	0.54	1.44	0.64	0
Garo	0.6	-1.3	-0.08	1
Garo	-0.76	0.2	-0.16	1
Garo	-1.09	0.98	-0.84	1
Garo	-0.51	1.33	-0.69	1
Garo	-0.51	0	-0.44	1
Garo	-1.14	0.15	-1.45	0
Garo	-2.66	0.43	-1.81	1
Garo	-1.44	1.69	-2.04	1
Garo	-1.38	1.42	-2	1
Garo	-0.42	-0.72	0.51	0
Garo	-0.58	0.67	-0.31	0
Garo	0.24	1.26	-0.25	1
Garo	0.53	0.44	0.02	0
Garo	0.09	0.58	0.22	0
Garo	0.22	-0.77	0.4	0
Garo	-0.54	1.7	-0.42	1
Garo	-0.01	0.12	-0.51	0
Garo	0.31	-0.32	0.08	0
Garo	0.78	0.31	-0.52	0
Garo	-3.46	-0.21	-0.39	0
Garo	-0.87	0.74	-0.72	1
Garo	-0.91	0.65	-1.45	1
Garo	0.46	0.64	-0.9	1
Garo	-2.21	2.29	-1.53	1
Garo	-0.53	1.58	-1.37	1
Garo	-1.27	0.36	-0.6	1
Garo	-0.96	1.05	-1.25	1
Garo	0.73	0.85	1.15	0
Garo	0.42	0.33	-0.08	1
Garo	0.7	-0.52	1.12	0
Garo	0.47	1.91	-0.28	1
Garo	0.85	-0.31	-0.03	0
Garo	-0.75	2.4	-0.76	1
Garo	-0.43	0.64	-0.75	1
Garo	0.81	-0.77	1.4	0
Garo	1.21	0.03	0.84	0
Garo	0.65	0.1	0.82	0
Garo	-0.02	0.27	1.07	0
Garo	-0.16	-0.52	1.01	0
Garo	0.85	0.05	1.46	0
Garo	0.71	-0.28	1.3	0
Garo	1.93	-0.2	1.45	0
Garo	0.22	-0.83	0.96	0
Garo	1.52	-0.67	0.06	0
Garo	1.21	-0.79	1.38	0
Garo	-1.58	-0.17	0.03	1
Garo	-0.68	0.45	0.96	0
Garo	2.41	-0.92	1.19	0
Garo	0.44	-1.92	1.77	0
Garo	1.81	-0.1	1.36	0
Garo	2.32	-1.85	1.41	0
Garo	2.23	-0.94	1.37	0
Garo	2.43	-1.4	1.4	0
Garo	1.24	-0.53	1.75	0
Garo	0.52	-0.19	1.65	0
Garo	0.63	0.02	1.58	0
Garo	1.65	-0.06	1.42	0
Garo	0.12	0.5	1.23	0
Garo	-0.94	0.95	1.12	0
Garo	1.48	0.49	1.26	0
Garo	0.31	0.67	1.18	0
Garo	0.89	-0.72	1.05	0
Garo	1.15	-0.89	1.15	0
Garo	0.63	0.07	1.56	0
Garo	0.76	-0.28	1.06	0
Garo	0.81	-0.24	1.09	0
Garo	0.13	-0.42	1.29	0
Garo	1.22	0.16	0.88	0
Garo	0.29	-0.3	1.71	0
Garo	0.77	-0.7	0.99	0
Rhon	-0.29	-1.72	0.36	0
Rhon	-0.24	0.65	0.22	1
Rhon	0.98	-0.13	1.34	0
Rhon	-0.33	-0.01	0.17	0
Rhon	1.78	-0.15	0.2	0
Rhon	-0.29	0.03	0.15	1
Rhon	0.91	0.27	0.68	0
Rhon	-1.84	1.24	-0.03	1
Rhon	-0.42	-0.09	-0.01	1
Rhon	0.61	-0.31	0.78	0
Rhon	0.78	0	0.78	0
Rhon	0.15	-0.92	1.39	0
Rhon	-0.4	-0.59	1.4	0
Rhon	-0.61	-0.73	1.4	0
Rhon	-0.25	-0.96	1.41	0
Rhon	-0.13	-1.38	1.41	0
Rhon	1.34	-2.36	1.41	0
Rhon	0.66	-2.54	1.44	0
Rhon	0.09	-0.48	1.39	0
Rhon	0.65	1.85	0.86	0
Rhon	1.09	-1.48	1.25	0
Rhon	1.31	-0.42	0.92	0
Rhon	1.15	-0.88	1.11	0
Rhon	1.5	0.29	-0.03	0
Rhon	2.01	-0.12	1.26	0
Rhon	1.05	-0.28	1.53	0
Rhon	0.71	0.33	0.41	1
Rhon	0.4	-1.16	-0.05	0
Rhon	0.46	-0.28	1.54	0
Rhon	0.43	-0.51	1.54	0
Rhon	0.39	-0.86	1.52	0
Rhon	-2.04	-1.92	0.59	0
Rhon	-0.22	-0.96	0.54	0
Rhon	1.18	-2.09	1.04	0
Rhon	-1	0.48	-0.02	1
Rhon	-1.89	-1.55	0.59	0
Rhon	-1.75	-1.65	1.04	0
Rhon	-0.04	-0.97	1.39	0
Rhon	0.1	-0.07	1.07	0
Rhon	-0.13	0.13	1.02	0
Rhon	0.42	-0.9	0.28	0
Rhon	-0.4	-0.62	0.43	1
Rhon	1.68	-1.5	0.86	0
Rhon	1.36	-0.9	0.91	0
Rhon	0.07	-0.85	0.9	0
Rhon	0.41	-0.64	0.65	0
Rhon	0.86	-0.93	1.03	0
Rhon	0.18	-0.86	0.67	1
Rhon	0.61	0.53	0.46	0
Rhon	0.63	-0.4	0.53	0
Rhon	2	-0.79	0.84	0
Rhon	1.93	-0.17	0.57	0
Rhon	1.05	-2.09	0.77	0
Rhon	-0.93	-0.43	0.49	0
Rhon	1.58	-1.47	0.88	0
Rhon	0.58	-0.48	0.28	0
Rhon	0.53	-0.61	0.31	0
Rhon	0.03	-1.65	2.07	0
Rhon	0.53	-0.66	0.62	1
Rhon	-0.65	-1.16	0.61	0
Rhon	0	-0.99	0.74	0
Rhon	1.12	-0.84	0.68	0
Rhon	0	-0.77	0.73	0
Rhon	-1.69	0.13	0.5	0
Rhon	0.47	-0.68	1.59	0
Rhon	-0.39	-0.04	0.26	0
Rhon	0.43	-0.42	1.59	0
Rhon	1.43	-0.11	1.47	0
Rhon	-0.05	0	1.41	0
Rhon	-2.22	-0.42	1.3	0
Rhon	-1.64	-0.31	1.28	0
Rhon	-2.27	-0.85	1.31	0
Rhon	2.65	-0.13	1.57	0
Rhon	2.3	-0.01	1.39	0
Rhon	0.87	0.29	1.24	0
Rhon	2.06	-1	1.56	0
Rhon	1.26	-0.06	1.31	0
Rhon	0.68	0.54	1.03	0
Rhon	2.73	-0.69	2.2	0
Rhon	2.63	-0.73	1.89	0
Rhon	2.44	-0.13	1.83	0
Rhon	1	0.78	1.09	0
Rhon	1.49	0.24	1.45	0
Rhon	1.73	0.3	1.46	0
Rhon	1.73	0.17	1.54	0
Rhon	1.73	-0.02	1.59	0
Rhon	-2.22	-0.83	1.19	0
Rhon	-1.27	-0.48	1.08	0
Rhon	1.55	-0.45	1.62	0
Rhon	2.47	-0.76	1.98	0
Rhon	2.25	-0.61	1.94	0
Rhon	2.06	-0.35	1.85	0
Rhon	2.32	-0.27	1.73	0
Rhon	2.06	-0.16	1.43	0
Rhon	-0.03	0.66	1.22	0
Rhon	-0.42	-2.81	1.46	0
Rhon	2.57	-1.27	2.04	0
Rhon	-0.14	-1.92	-0.85	0
Rhon	-0.64	0.02	-1.33	1
Rhon	-0.63	-0.43	-0.98	0
Rhon	0.18	-0.33	0.51	0
Rhon	0.94	-1.55	0.33	0
Medi	0.55	0.38	-0.15	0
Medi	1.18	-1.29	0.13	0
Medi	-0.21	-0.19	-0.39	0
Medi	1.39	0.11	-0.6	0
Medi	0.63	-1.33	1.75	0
Medi	-2.27	0.54	0.66	0
Medi	1.53	-0.9	0.76	0
Medi	0.02	0.21	-0.02	0
Medi	-0.22	0.21	-0.15	0
Medi	-1.18	-1.5	1.26	0
Medi	-0.93	-1.4	1.26	0
Medi	0.93	-0.79	0.69	0
Medi	0.41	-0.15	0.22	0
Medi	0.43	-0.81	1.21	0
Medi	0.44	-0.83	1.28	0
Medi	0.38	2.03	-2.12	1
Medi	1.1	0.31	1.59	0
Medi	0.39	0.4	0.91	0
Medi	-0.15	-1.65	1.73	0
Medi	-1.01	-0.45	-0.08	0
Medi	1.56	-0.71	0.67	0
Medi	1.6	-1.75	0.02	0
Medi	0.59	0.07	0.51	0
Medi	0.67	-1.38	0.89	0
Medi	0.33	-1.57	0.94	0
Medi	0.2	-1.38	-0.9	1
Medi	0	-0.83	-1.05	1
Medi	0.95	-0.55	-1.33	1
Medi	0.37	-0.73	0.46	1
Medi	0.7	-0.47	0.4	1
Medi	0.07	-0.33	0.78	0
Medi	-0.06	-1.43	-1.1	0
Medi	-0.23	-0.96	-1.17	1
Medi	0.26	-1.65	-0.37	0
Medi	0.24	-0.99	-0.37	0
Medi	1.18	-1.2	0.59	0
Medi	0.67	0.1	0.59	0
Medi	0.71	0.14	0.54	1
Medi	0.14	0.29	0.36	1
Medi	0.26	0.63	0.13	0
Medi	-1.26	-1.65	0.17	0
Medi	-1.69	-1.38	0.13	0
Medi	1.1	-0.86	0.51	0
Medi	1.26	-1.1	0.59	0
Medi	1.58	-1.48	0.74	0
Medi	0.25	-1.92	0.52	0
Medi	-0.39	1.73	-2.5	1
Medi	0.93	0.29	0.99	0
Medi	2.44	-0.38	1.33	0
Medi	0.32	-0.59	1.33	0
Medi	-0.31	1.35	-0.22	0
Medi	2.57	-0.83	1.4	0
Medi	0.49	-1.5	1.41	0
Medi	1.96	-1.3	0.92	0
Medi	2.06	-0.68	1.24	0
Medi	-0.68	1.39	-0.43	1
Medi	-0.38	0.44	0.2	0
Medi	1.51	-0.35	0.88	0
Medi	-0.38	0.51	0.27	0
Medi	-1.24	-1.13	1.1	0
Medi	-1.86	-1.92	1.37	0
Medi	-0.91	-1.29	1.13	0
Medi	0.23	-0.89	1.98	0
Medi	0.92	-0.92	1.95	0
Medi	1.17	-0.81	0.17	0
Medi	0.36	0.04	-0.9	0
Medi	-0.04	0.06	-0.96	0
Medi	1.05	-0.53	0.22	0
Medi	-0.65	-0.63	0.19	0
